,35.61350859125151,0.0735798526431595,9.86757308618929,20.1731526273148,34.272185842601246
,39.69698391953268,5.373363612075875,29.663615325183585,25.266037143207864
,35.609606760373175,0.07343050778681723,9.868057277934064,20.168568526250652,34.28033692765529
,39.69698391953268,5.373363612075875,29.663615325183585,25.266037143207864
,35.61719347907537,0.073477669320399,9.871751598064634,20.169991232513702,34.267586021025906
,39.69698391953268,5.373363612075875,29.663615325183585,25.266037143207864
,35.61346300176905,0.07329688344166888,9.870379197437405,20.170263197357357,34.27259771999452
,39.69698391953268,5.373363612075875,29.663615325183585,25.266037143207864
,35.60907697914594,0.07365059494353217,9.869160857819876,20.172855509653235,34.275256058437414
,39.7035870466977,6.013922927889888,29.26188741171342,25.020602613698994
,35.621298104548096,0.07327330267487799,9.872375702359035,20.169419005906246,34.26363388451175
,39.7035870466977,6.013922927889888,29.26188741171342,25.020602613698994
,35.60554615233178,0.07334404497525066,9.866071777370271,20.173111753985694,34.281926271337
,39.7035870466977,6.013922927889888,29.26188741171342,25.020602613698994
,35.614002215302996,0.07345251650248871,9.868488019940777,20.171121537268547,34.272935710985195
,39.7035870466977,6.013922927889888,29.26188741171342,25.020602613698994
,35.61597199535559,0.07278911093010515,9.86136348426769,20.172028610764432,34.27784679868218
,39.71599668326233,5.986820640182551,29.202386890340126,25.094795786214984
,35.62381338633912,0.07282369605473177,9.869874569028081,20.163223552444716,34.27026479613334
,39.72758140178944,5.961519949634951,29.146841605936736,25.16405704263887
